# 8-w60-b64/128/256
# lr=1e-3
#y1=[0.176,0.139,0.098,0.132,0.290,0.695,0.924] # 0.351
#y2=[0.036,0.026,0.028,0.093,0.296,0.751,0.956]
#y3=[0.070,0.011,0.002,0.017,0.082,0.527,0.908]
# lr=1e-4
#y4=[0.041,0.006,0.013,0.017,0.079,0.507,0.902]
#y5=[0.000,0.000,0.001,0.003,0.034,0.330,0.832]
#y6=[0.123,0.060,0.071,0.103,0.287,0.746,0.962]
# lr=1e-5
#y7=[0.000,0.000,0.000,0.000,0.000,0.144,0.717]
#y8=[0.000,0.000,0.000,0.000,0.000,0.121,0.722]
#y9=[0.000,0.000,0.000,0.000,0.005,0.312,0.835]

# 8-w120-b64/128/256
# lr=1e-3
#y1=[0.001,0.002,0.004,0.014,0.055,0.471,0.860]
#y2=[0.133,0.103,0.084,0.111,0.135,0.423,0.922]
#y3=[0.454,0.199,0.116,0.159,0.302,0.663,0.935]  # 0.404
# lr=1e-4
#y4=[0.216,0.036,0.021,0.040,0.145,0.580,0.907]
#y5=[0.000,0.002,0.011,0.045,0.188,0.572,0.896]
#y6=[0.000,0.000,0.001,0.000,0.012,0.244,0.790]
# lr=1e-5
#y7=[0.000,0.000,0.000,0.000,0.006,0.254,0.813]
#y8=[0.000,0.000,0.000,0.000,0.008,0.298,0.822]
#y9=[0.000,0.000,0.000,0.000,0.027,0.371,0.863]

# 8-w240-b64/128/256
# lr=1e-3
#y1=[0.073,0.026,0.010,0.021,0.089,0.512,0.869]
#y2=[0.029,0.006,0.000,0.002,0.188,0.356,0.912]
#y3=[0.321,0.202,0.111,0.177,0.344,0.625,0.924]
# lr=1e-4
#y4=[0.469,0.286,0.143,0.219,0.375,0.685,0.943]  # 0.446
#y5=[0.073,0.058,0.096,0.187,0.383,0.760,0.949]
#y6=[0.001,0.009,0.011,0.089,0.211,0.533,0.912]
# lr=1e-5
#y7=[0.006,0.003,0.016,0.026,0.177,0.578,0.884]
#y8=[0.003,0.000,0.034,0.122,0.198,0.678,0.924]
#y9=[0.000,0.000,0.000,0.001,0.023,0.394,0.865]




# 9-w60-b64/128/256
# lr=1e-3
#y1=[0.124,0.038,0.030,0.060,0.171,0.594,0.914]
#y2=[0.001,0.003,0.006,0.009,0.051,0.360,0.883]
#y3=[0.001,0.003,0.004,0.008,0.088,0.588,0.918]
# lr=1e-4
#y4=[0.235,0.114,0.072,0.093,0.256,0.747,0.964]  # 0.354
#y5=[0.017,0.019,0.021,0.074,0.261,0.711,0.935]
#y6=[0.000,0.000,0.002,0.006,0.093,0.597,0.926]
# lr=1e-5
#y7=[0.000,0.000,0.000,0.000,0.003,0.226,0.759]
#y8=[0.000,0.000,0.000,0.000,0.001,0.292,0.818]
#y9=[0.000,0.000,0.000,0.016,0.095,0.611,0.927]

# 9-w120-b64/128/256
# lr=1e-3
#y1=[0.453,0.146,0.038,0.093,0.299,0.806,0.970]  # 0.401
#y2=[0.214,0.111,0.013,0.066,0.244,0.834,0.955]
#y3=[0.033,0.001,0.044,0.089,0.088,0.688,0.942]
# lr=1e-4
#y4=[0.026,0.062,0.072,0.142,0.407,0.835,0.975]
#y5=[0.084,0.023,0.048,0.039,0.194,0.798,0.934]
#y6=[0.000,0.009,0.019,0.044,0.088,0.598,0.912]
# lr=1e-5
#y7=[0.000,0.000,0.000,0.000,0.001,0.305,0.865]
#y8=[0.000,0.000,0.000,0.000,0.000,0.495,0.839]
#y9=[0.000,0.000,0.000,0.000,0.012,0.598,0.932]

# 9-w240-b64/128/256
# lr=1e-3
#y1=[0.094,0.011,0.000,0.002,0.017,0.325,0.830]
#y2=[0.000,0.000,0.005,0.013,0.044,0.399,0.897]
#y3=[0.044,0.002,0.007,0.099,0.087,0.331,0.809]
# lr=1e-4
#y4=[0.009,0.001,0.001,0.012,0.134,0.650,0.946]  # 0.250
#y5=[0.008,0.004,0.013,0.016,0.133,0.620,0.951]
#y6=[0.011,0.004,0.005,0.015,0.054,0.325,0.818]
# lr=1e-5
#y7=[0.000,0.000,0.000,0.000,0.000,0.150,0.913]
#y8=[0.000,0.000,0.000,0.000,0.002,0.399,0.849]
#y9=[0.000,0.000,0.000,0.000,0.012,0.321,0.769]