batch:64,width:120,lr:0.0001,count:216
[36.012, 45.028, 44.186, 48.968, 44.706, 48.838, 44.072, 45.996, 47.884, 51.094, 46.682, 50.5, 52.956, 52.2, 48.434, 52.164, 52.112, 54.346, 50.688, 50.972, 52.682, 53.242, 53.284, 55.11, 53.57, 52.09, 51.826, 51.25, 52.03, 56.534, 53.908, 55.2, 51.046, 53.664, 55.46, 53.018, 52.718, 51.338, 53.876, 50.986, 52.434, 52.734, 53.082, 52.564, 51.61, 55.404, 52.806, 52.64, 54.824, 55.158, 48.072, 51.762, 51.194, 53.466, 52.926, 51.758, 52.164, 47.264, 53.734, 51.308, 55.168, 52.668, 51.888, 51.058, 54.804, 51.094, 52.05, 54.33, 50.45, 54.408, 50.84, 51.142, 53.836, 51.116, 50.438, 50.582, 52.464, 54.56, 50.972, 52.59, 51.126, 54.502, 49.176, 53.07, 54.87, 53.3, 56.736, 50.674, 56.05, 55.746, 55.558, 52.598, 55.114, 49.624, 52.664, 54.842, 53.402, 52.712, 53.656]
batch:64,width:120,lr:0.0005,count:242
[36.758, 44.864, 53.85, 57.078, 59.232, 62.606, 60.88, 58.704, 56.368, 56.556, 58.718, 61.21, 56.138, 58.642, 60.838, 57.098, 57.596, 58.622, 61.274, 60.68, 60.042, 61.848, 59.53, 60.292, 63.728, 59.78, 60.446, 63.216, 61.388, 60.76, 65.3, 61.188, 68.432, 63.43, 66.02, 65.458, 64.846, 66.75, 66.394, 64.954, 66.688, 65.158, 70.322, 68.528, 65.664, 69.966, 67.038, 69.508, 70.59, 68.364, 65.238, 62.102, 65.672, 68.544, 65.592, 67.032, 67.626, 71.136, 69.724, 64.252, 70.322, 67.836, 70.566, 65.686, 66.294, 67.074, 67.348, 68.688, 67.394, 67.31, 67.238, 65.824, 66.842, 69.094, 65.52, 68.152, 71.522, 66.372, 63.652, 67.574, 64.976, 66.048, 69.81, 69.842, 65.462, 65.346, 64.126, 67.112, 67.462, 68.4, 65.12, 66.722, 67.518, 63.464, 71.798, 64.504, 71.756, 67.044, 67.55]
batch:64,width:120,lr:0.001,count:351
[37.708, 47.658, 53.474, 55.782, 57.428, 58.91, 58.172, 61.35, 61.584, 63.782, 67.612, 66.766, 72.548, 70.986, 76.552, 71.248, 71.174, 76.032, 73.924, 73.974, 72.248, 77.974, 75.598, 78.644, 76.712, 76.25, 72.93, 73.254, 76.772, 76.83, 76.3, 79.356, 75.158, 79.38, 80.238, 73.066, 75.658, 73.726, 79.128, 78.718, 72.874, 75.198, 77.958, 77.48, 77.904, 73.73, 76.798, 75.794, 74.14, 79.804, 75.358, 70.824, 75.23, 74.292, 77.276, 73.072, 75.302, 73.248, 74.862, 74.75, 71.594, 72.374, 74.16, 72.802, 67.744, 72.022, 74.762, 74.472, 78.132, 72.912, 72.946, 75.108, 75.056, 76.422, 74.844, 80.154, 77.32, 75.684, 76.766, 78.882, 80.3, 75.26, 76.84, 75.812, 80.628, 76.388, 75.312, 76.628, 75.232, 76.512, 76.64, 72.926, 80.92, 73.48, 73.406, 77.682, 75.042, 76.988, 77.432]
batch:128,width:120,lr:0.0001,count:568
[33.564, 43.328, 44.27, 43.454, 46.304, 51.898, 49.382, 47.758, 49.208, 55.456, 60.4, 58.95, 56.612, 57.412, 54.838, 54.346, 57.2, 61.894, 65.964, 64.26, 64.804, 70.69, 72.338, 71.324, 72.536, 72.298, 77.164, 76.19, 80.79, 79.076, 78.56, 88.068, 82.51, 83.756, 82.026, 82.094, 83.842, 79.85, 87.434, 85.642, 88.166, 86.918, 88.326, 89.096, 85.378, 83.764, 83.28, 86.5, 84.644, 84.422, 87.946, 85.33, 89.324, 89.242, 85.226, 88.834, 84.848, 88.706, 88.748, 86.234, 88.61, 88.212, 90.356, 90.784, 88.94, 85.614, 90.726, 89.478, 87.458, 85.668, 88.55, 89.104, 88.458, 86.296, 87.898, 87.724, 86.824, 87.996, 89.37, 91.218, 87.684, 89.892, 92.382, 89.862, 90.444, 83.886, 88.736, 91.126, 88.018, 90.86, 91.192, 89.886, 88.822, 89.532, 87.662, 87.722, 86.48, 90.736, 89.218]
batch:128,width:120,lr:0.001,count:210
[39.124, 43.94, 44.17, 50.868, 53.552, 55.648, 55.728, 55.094, 55.878, 59.888, 61.26, 57.574, 61.642, 59.038, 58.436, 56.996, 60.172, 59.244, 56.424, 60.698, 58.832, 57.254, 60.356, 64.102, 61.966, 64.038, 63.896, 61.4, 65.338, 64.748, 63.334, 62.158, 66.08, 61.564, 63.468, 60.594, 63.852, 60.012, 66.636, 60.73, 60.446, 60.946, 62.354, 60.734, 60.106, 63.728, 61.876, 58.54, 63.566, 61.652, 59.976, 62.108, 63.432, 67.532, 57.984, 67.194, 64.432, 63.334, 64.064, 62.464, 61.024, 60.938, 59.836, 63.526, 64.226, 64.296, 63.504, 64.088, 64.536, 65.96, 61.96, 64.394, 64.862, 65.284, 60.986, 63.784, 64.306, 67.624, 64.17, 66.746, 65.702, 62.326, 63.638, 66.144, 63.82, 61.678, 68.25, 64.818, 62.19, 66.574, 63.894, 62.706, 63.408, 67.452, 64.334, 69.228, 65.248, 69.162, 65.564]
batch:128,width:120,lr:0.0005,count:266
[33.072, 44.266, 45.526, 52.664, 54.066, 55.224, 54.424, 53.874, 60.646, 59.598, 61.872, 61.592, 68.48, 64.412, 66.75, 70.37, 65.758, 65.226, 68.534, 67.14, 66.846, 68.576, 65.924, 66.784, 68.992, 69.15, 65.816, 66.278, 67.49, 69.252, 67.61, 71.778, 72.698, 72.06, 69.04, 67.618, 70.22, 67.16, 70.83, 71.384, 73.77, 70.974, 69.276, 73.444, 70.364, 73.108, 69.092, 72.536, 67.122, 73.27, 69.902, 68.626, 72.76, 75.532, 74.118, 72.69, 73.646, 69.286, 70.538, 66.272, 69.124, 68.806, 68.278, 67.032, 75.142, 70.39, 69.956, 70.956, 70.94, 68.28, 69.632, 71.582, 71.982, 68.644, 70.826, 69.418, 72.204, 72.31, 73.312, 71.43, 71.742, 71.974, 73.384, 71.776, 73.218, 69.116, 71.758, 68.366, 70.578, 67.888, 66.832, 73.212, 74.664, 71.938, 72.972, 70.604, 69.644, 70.366, 72.938]
