batch:64,width:30,lr:0.0001,count:245
[26.31, 28.176, 36.292, 37.234, 36.976, 42.948, 42.554, 42.386, 42.862, 38.894, 45.134, 45.59, 46.692, 41.1, 41.526, 45.298, 46.032, 46.63, 48.324, 47.808, 45.264, 44.494, 47.948, 49.222, 45.334, 45.164, 48.482, 45.82, 49.656, 49.968, 46.664, 50.362, 51.546, 48.318, 47.628, 47.862, 48.892, 51.892, 54.974, 49.99, 51.752, 50.25, 55.998, 55.376, 53.466, 54.518, 56.614, 57.56, 56.822, 52.616, 55.44, 55.242, 58.044, 56.782, 59.634, 55.096, 54.966, 57.464, 54.042, 58.9, 52.49, 58.288, 57.43, 51.636, 57.17, 59.992, 58.508, 59.156, 58.398, 53.662, 55.406, 59.5, 55.922, 56.85, 55.876, 57.976, 53.326, 57.256, 56.576, 58.712, 59.648, 60.802, 58.69, 58.126, 61.4, 55.554, 64.878, 61.798, 58.318, 59.402, 58.718, 57.654, 58.836, 61.482, 65.234, 58.48, 57.51, 56.13, 53.568]
batch:64,width:30,lr:0.0005,count:268
[35.246, 44.832, 44.99, 46.572, 48.526, 46.414, 52.702, 49.444, 49.038, 49.566, 47.892, 54.452, 50.27, 56.246, 57.438, 54.838, 53.974, 52.418, 60.522, 51.798, 58.468, 56.644, 55.524, 60.008, 54.64, 56.434, 57.374, 59.672, 58.928, 59.688, 60.174, 59.084, 59.126, 58.834, 57.31, 59.88, 60.324, 57.556, 55.986, 56.42, 58.946, 55.132, 54.9, 58.13, 55.416, 57.384, 61.24, 55.14, 58.5, 62.57, 58.99, 55.622, 63.914, 59.606, 58.452, 57.554, 61.114, 58.934, 61.17, 60.274, 58.196, 63.418, 63.888, 62.788, 60.718, 59.17, 61.17, 64.458, 56.064, 59.536, 59.868, 57.338, 61.644, 60.91, 58.416, 65.008, 65.014, 61.534, 61.77, 59.196, 63.14, 61.204, 63.752, 61.692, 68.002, 64.104, 63.372, 64.518, 67.21, 65.362, 64.11, 65.252, 64.512, 66.99, 66.114, 63.146, 66.55, 62.23, 63.842]
batch:64,width:30,lr:0.001,count:218
[37.442, 37.548, 41.554, 41.3, 39.282, 45.082, 47.724, 50.34, 45.504, 48.514, 49.142, 46.56, 48.042, 50.276, 51.196, 48.792, 47.774, 47.742, 47.572, 49.514, 48.854, 47.42, 49.534, 49.712, 48.496, 51.304, 50.286, 48.678, 48.246, 53.002, 49.046, 46.782, 48.774, 48.828, 48.348, 50.192, 53.654, 52.264, 50.28, 48.964, 53.094, 52.45, 51.548, 51.494, 50.736, 54.33, 49.788, 52.348, 49.71, 49.264, 48.272, 48.248, 53.336, 50.972, 52.588, 51.452, 52.286, 49.52, 50.064, 50.08, 51.792, 51.846, 50.802, 57.604, 55.428, 56.444, 55.222, 56.602, 56.462, 57.012, 54.722, 58.386, 58.82, 60.34, 60.898, 59.148, 57.974, 58.668, 57.404, 57.67, 58.14, 57.22, 58.42, 58.676, 58.712, 58.1, 61.224, 55.55, 62.568, 61.03, 62.438, 61.958, 61.262, 57.612, 61.936, 65.006, 62.268, 59.872, 60.984]
batch:128,width:30,lr:0.0001,count:214
[25.02, 35.082, 36.902, 38.58, 40.1, 42.768, 47.846, 43.182, 48.936, 48.262, 54.546, 51.838, 55.136, 59.73, 52.186, 53.53, 54.906, 55.104, 51.066, 54.678, 51.94, 50.006, 47.11, 51.608, 52.05, 50.694, 52.496, 48.342, 51.434, 48.556, 48.306, 50.132, 47.35, 50.604, 52.696, 51.786, 55.478, 50.558, 51.692, 51.618, 51.844, 50.466, 49.938, 50.104, 53.86, 48.336, 52.078, 51.934, 52.776, 52.446, 56.578, 52.68, 57.598, 53.884, 56.196, 52.662, 51.904, 49.37, 55.212, 52.054, 52.916, 51.958, 54.91, 52.06, 52.03, 51.678, 51.43, 53.456, 56.222, 55.01, 53.16, 55.906, 54.286, 51.7, 55.116, 47.854, 45.67, 52.868, 53.288, 52.228, 55.34, 54.226, 53.19, 54.358, 54.882, 52.74, 51.468, 51.398, 50.208, 51.72, 52.02, 44.866, 46.43, 49.672, 50.792, 51.726, 51.924, 48.158, 53.038]
batch:128,width:30,lr:0.0005,count:276
[42.99, 47.986, 54.836, 61.78, 62.188, 58.932, 57.562, 61.634, 61.606, 60.484, 61.43, 60.676, 64.612, 62.48, 68.694, 64.72, 66.858, 65.786, 64.572, 70.812, 68.072, 67.418, 68.272, 69.264, 67.996, 72.662, 65.962, 73.104, 67.702, 70.894, 73.58, 70.31, 72.866, 66.322, 73.996, 69.044, 70.952, 70.262, 72.098, 71.582, 70.748, 73.694, 69.736, 69.988, 70.724, 70.432, 74.162, 73.238, 72.268, 72.11, 67.632, 67.216, 71.274, 70.83, 73.212, 73.188, 71.748, 68.548, 76.784, 74.648, 70.08, 69.246, 69.188, 72.122, 75.244, 70.838, 71.444, 71.642, 71.718, 74.41, 68.728, 68.944, 70.092, 66.218, 68.646, 69.298, 71.822, 69.0, 71.328, 68.558, 70.076, 70.738, 71.706, 71.496, 66.94, 72.772, 63.784, 69.878, 70.848, 72.306, 65.092, 67.844, 67.564, 68.204, 70.384, 65.612, 65.58, 70.802, 69.8]
batch:128,width:30,lr:0.001,count:179
[33.144, 39.754, 48.072, 48.138, 52.08, 50.746, 61.832, 59.322, 55.266, 60.69, 60.704, 59.97, 56.638, 57.49, 57.944, 56.536, 62.204, 56.598, 61.83, 59.22, 58.548, 60.008, 57.008, 59.238, 60.11, 59.8, 59.86, 57.26, 58.214, 63.974, 55.002, 64.122, 61.54, 58.53, 59.26, 60.114, 65.366, 59.008, 61.922, 62.518, 59.038, 59.718, 63.138, 60.158, 62.96, 58.202, 58.772, 62.57, 60.664, 58.828, 63.652, 57.406, 62.654, 59.672, 60.33, 61.14, 59.058, 62.45, 58.86, 59.62, 60.39, 59.556, 59.87, 58.374, 56.266, 59.35, 61.304, 60.84, 61.346, 58.89, 58.226, 60.906, 62.288, 60.824, 60.652, 64.962, 55.652, 57.466, 57.35, 57.628, 60.52, 60.028, 57.038, 59.346, 58.69, 60.652, 62.468, 57.546, 60.826, 56.9, 58.346, 58.704, 60.312, 61.532, 58.55, 59.684, 56.078, 56.36, 60.906]

