batch:64,width:60,lr:0.0001,count:209
[33.746, 44.076, 41.484, 44.954, 40.228, 41.602, 47.894, 42.642, 44.552, 47.268, 49.04, 46.414, 46.398, 44.464, 47.088, 45.4, 46.78, 48.178, 49.402, 54.846, 50.66, 52.444, 46.438, 51.636, 52.06, 50.06, 58.4, 50.422, 56.662, 49.984, 53.81, 54.76, 53.818, 55.222, 58.884, 58.788, 52.242, 52.722, 57.882, 58.644, 58.112, 60.69, 58.8, 59.834, 57.424, 59.202, 56.284, 56.19, 60.42, 56.348, 59.274, 55.298, 60.22, 59.014, 60.674, 64.34, 58.078, 59.686, 56.052, 56.986, 58.584, 60.004, 57.754, 60.132, 54.958, 53.3, 55.252, 56.262, 59.918, 62.874, 62.868, 55.648, 59.324, 59.254, 61.364, 55.856, 58.02, 61.116, 57.406, 54.04, 55.45, 54.086, 54.61, 54.422, 58.756, 52.586, 50.954, 54.762, 51.986, 52.376, 56.44, 58.004, 53.614, 58.358, 52.856, 57.618, 56.114, 54.798, 53.968]
batch:64,width:60,lr:0.0005,count:225
[39.234, 45.81, 47.01, 44.89, 49.038, 51.416, 48.222, 49.918, 52.434, 53.002, 50.684, 49.108, 53.814, 51.392, 51.318, 50.154, 53.764, 55.58, 56.03, 50.838, 57.846, 60.576, 52.592, 53.506, 50.352, 55.628, 51.358, 57.526, 54.472, 57.072, 53.62, 57.766, 56.798, 55.12, 56.588, 58.872, 60.112, 56.782, 55.88, 56.554, 54.508, 56.054, 53.36, 56.332, 53.678, 55.294, 58.252, 54.948, 56.898, 55.194, 55.578, 56.9, 56.062, 57.726, 57.412, 57.288, 56.352, 56.29, 55.446, 56.838, 57.712, 53.722, 55.522, 55.224, 56.764, 57.048, 57.198, 55.238, 56.784, 58.538, 56.362, 57.346, 55.744, 57.81, 58.922, 56.348, 60.566, 52.822, 57.59, 59.378, 58.768, 56.438, 54.136, 58.784, 58.856, 56.316, 60.192, 58.036, 58.57, 58.834, 57.37, 56.312, 58.058, 58.054, 58.424, 58.376, 58.366, 59.25, 60.064]
batch:64,width:60,lr:0.001,count:250
[32.88, 42.038, 51.29, 55.584, 58.938, 64.234, 65.094, 71.128, 69.51, 70.448, 68.57, 72.816, 67.332, 64.87, 65.908, 62.202, 70.534, 69.736, 72.632, 69.54, 73.182, 70.922, 68.6, 70.288, 72.758, 73.124, 68.426, 74.58, 74.164, 71.006, 69.214, 69.078, 69.056, 65.0, 68.356, 71.694, 69.562, 65.798, 68.804, 69.036, 67.718, 71.628, 67.402, 71.86, 65.154, 68.21, 69.152, 68.384, 63.702, 65.004, 65.446, 66.41, 63.07, 64.996, 66.424, 65.626, 63.66, 68.12, 68.968, 66.994, 66.784, 68.592, 69.104, 68.68, 73.048, 73.054, 68.096, 69.4, 69.248, 67.81, 74.628, 69.702, 72.518, 68.03, 67.626, 68.582, 70.97, 73.366, 70.954, 68.968, 68.01, 71.014, 75.162, 70.592, 71.478, 66.896, 69.284, 71.224, 69.85, 71.742, 63.48, 68.44, 62.918, 66.238, 66.276, 71.946, 69.448, 63.88, 68.76]
batch:128,width:60,lr:0.0001,count:146
[29.9, 32.548, 33.078, 31.954, 33.34, 35.946, 35.488, 36.138, 34.328, 38.444, 38.644, 35.758, 38.298, 39.804, 41.718, 38.048, 39.228, 44.006, 40.388, 43.442, 44.12, 41.954, 45.262, 43.188, 44.934, 45.948, 45.93, 42.75, 46.298, 43.676, 43.944, 44.932, 47.394, 44.05, 41.308, 45.098, 43.862, 41.38, 45.566, 44.488, 45.602, 44.37, 47.31, 47.59, 48.306, 41.566, 45.088, 43.312, 42.178, 43.804, 46.604, 42.874, 43.314, 45.6, 45.388, 41.696, 44.454, 44.206, 45.28, 45.362, 46.666, 45.904, 44.168, 42.072, 45.296, 45.63, 44.368, 45.602, 47.508, 43.468, 44.606, 46.58, 43.818, 44.33, 41.336, 45.412, 45.206, 41.454, 44.348, 43.85, 46.018, 45.958, 45.082, 47.0, 44.696, 41.682, 47.62, 47.3, 47.37, 44.138, 43.474, 46.604, 44.11, 47.088, 46.508, 44.294, 44.976, 47.66, 45.692]
batch:128,width:60,lr:0.0005,count:253
[34.704, 42.48, 42.486, 48.608, 46.192, 47.516, 49.088, 47.844, 50.218, 53.254, 54.776, 53.202, 54.526, 52.822, 53.088, 56.342, 56.248, 55.81, 54.012, 53.082, 58.016, 53.686, 56.404, 58.862, 59.662, 60.956, 55.486, 56.24, 52.494, 57.9, 58.27, 57.282, 60.92, 60.344, 56.574, 54.312, 59.286, 57.132, 54.646, 58.28, 61.248, 59.0, 59.364, 60.08, 58.284, 62.354, 59.71, 57.984, 64.32, 62.548, 68.878, 65.592, 62.04, 69.298, 65.02, 67.782, 66.984, 62.968, 68.588, 69.654, 70.962, 66.906, 71.728, 67.512, 70.134, 70.688, 71.616, 71.342, 73.186, 68.592, 73.0, 70.334, 67.03, 66.804, 72.306, 72.364, 71.42, 72.67, 71.988, 73.236, 73.72, 73.442, 73.814, 72.968, 73.784, 78.488, 73.402, 77.984, 67.33, 70.144, 76.242, 71.714, 80.116, 71.79, 69.474, 72.272, 70.982, 71.224, 71.948]
batch:128,width:60,lr:0.001,count:274
[34.694, 42.582, 51.03, 48.426, 54.442, 51.342, 52.534, 48.0, 50.51, 48.608, 48.916, 54.776, 50.972, 51.044, 50.706, 50.652, 54.852, 52.382, 47.938, 52.972, 52.138, 51.628, 53.054, 50.376, 53.404, 52.816, 51.764, 52.572, 57.51, 56.5, 57.56, 61.2, 56.136, 57.79, 55.156, 60.248, 55.414, 56.47, 56.426, 57.106, 57.576, 55.048, 59.286, 52.796, 59.014, 52.638, 57.602, 58.682, 58.646, 54.158, 53.906, 57.324, 55.318, 54.832, 52.104, 54.476, 59.314, 56.29, 56.186, 59.978, 61.646, 58.328, 60.35, 58.842, 55.202, 57.928, 61.77, 58.358, 54.454, 59.606, 58.956, 57.908, 53.794, 57.898, 56.228, 54.76, 57.466, 55.042, 55.238, 59.006, 55.462, 60.856, 56.982, 53.872, 55.422, 55.92, 59.828, 56.712, 54.098, 59.074, 54.458, 54.742, 63.516, 60.426, 57.668, 63.752, 66.144, 65.618, 63.456]
