# 9A1
# transitIdx:0,count:0
# transitIdx:1,count:0
# transitIdx:2,count:0
# transitIdx:3,count:3
# transitIdx:4,count:33
# transitIdx:5,count:399
# transitIdx:6,count:1255
p = [27.86, 35.188, 38.204, 41.046, 41.226, 41.548, 41.42, 43.024, 44.602, 45.838, 42.658, 42.986, 45.714, 44.952, 45.65, 39.456, 43.442, 46.452, 43.368, 44.432, 45.486, 46.912, 43.978, 48.158, 46.05, 48.132, 44.214, 47.466, 43.046, 48.124, 47.328, 51.306, 49.494, 50.056, 51.498, 52.784, 52.346, 49.088, 49.604, 52.21, 50.226, 52.478, 50.072, 50.578, 50.034, 52.096, 50.454, 47.22, 51.884, 49.486, 51.224, 51.008, 51.566, 51.99, 50.852, 49.258, 52.37, 48.362, 52.32, 50.356, 48.546, 48.164, 50.186, 51.74, 52.304, 52.11, 53.41, 54.294, 48.164, 49.944, 51.68, 46.806, 51.14, 49.476, 51.92, 52.634, 50.172, 48.014, 51.74, 50.404, 48.212, 48.224, 51.63, 49.708, 47.336, 49.144, 45.896, 46.724, 46.492, 48.212, 49.122, 48.746, 50.566, 48.952, 47.222, 48.036, 50.022, 49.526, 53.134]
# batch size:128,width:120,lr:0.0001
#-----------------------------------
# 9A2
# transitIdx:0,count:0
# transitIdx:1,count:4
# transitIdx:2,count:17
# transitIdx:3,count:33
# transitIdx:4,count:166
# transitIdx:5,count:786
# transitIdx:6,count:1737
p = [38.412, 40.402, 46.562, 45.112, 48.39, 48.22, 46.6, 46.14, 44.394, 50.134, 43.516, 46.462, 48.702, 50.05, 45.386, 51.398, 48.234, 47.312, 51.834, 54.57, 53.422, 48.712, 54.756, 49.672, 52.756, 53.174, 54.264, 53.686, 55.13, 53.586, 52.284, 54.25, 55.044, 50.554, 54.61, 59.88, 57.464, 56.102, 55.01, 52.216, 53.436, 56.816, 54.37, 57.732, 51.228, 57.478, 56.94, 53.996, 58.75, 58.142, 56.86, 55.866, 56.716, 52.228, 55.578, 57.368, 53.8, 56.116, 53.852, 57.324, 56.262, 56.366, 55.332, 60.472, 56.456, 61.134, 57.368, 57.728, 58.09, 57.168, 57.074, 59.552, 56.51, 60.176, 57.024, 58.716, 54.382, 58.498, 55.602, 59.614, 58.812, 56.38, 58.176, 59.908, 59.038, 56.902, 60.57, 62.512, 56.782, 56.294, 59.75, 58.348, 55.882, 58.27, 59.39, 61.168, 58.07, 59.19, 57.816]
# batch size:128,width:240,lr:0.0001
#-----------------------------------

# 8A2
# transitIdx:0,count:73
# transitIdx:1,count:131
# transitIdx:2,count:227
# transitIdx:3,count:414
# transitIdx:4,count:797
# transitIdx:5,count:1557
# transitIdx:6,count:2506
p = [34.208, 40.066, 40.16, 44.618, 42.194, 47.36, 49.168, 47.71, 51.592, 50.18, 53.064, 51.37, 55.038, 57.244, 53.154, 55.57, 54.56, 57.45, 56.222, 55.406, 62.806, 54.814, 58.726, 56.746, 62.416, 60.622, 58.84, 55.752, 59.138, 58.736, 57.314, 59.726, 63.47, 63.32, 61.56, 62.804, 63.108, 63.484, 66.994, 67.072, 64.32, 61.442, 62.698, 65.606, 67.174, 69.176, 65.102, 64.154, 66.568, 66.054, 68.666, 71.08, 71.49, 66.356, 64.574, 64.86, 62.928, 63.528, 70.258, 64.35, 65.53, 67.672, 68.704, 68.266, 65.044, 66.84, 67.46, 71.398, 67.954, 71.346, 70.336, 69.9, 72.004, 72.138, 70.32, 68.884, 74.31, 71.012, 69.956, 72.042, 71.816, 72.258, 73.02, 71.258, 67.99, 72.024, 71.72, 72.722, 75.72, 72.812, 74.24, 72.156, 75.434, 70.87, 71.634, 68.97, 75.27, 72.07, 69.982]
# batch size:128,width:240,lr:0.0001
#-----------------------------------
# 8A1
# transitIdx:0,count:0
# transitIdx:1,count:2
# transitIdx:2,count:13
# transitIdx:3,count:58
# transitIdx:4,count:246
# transitIdx:5,count:818
# transitIdx:6,count:1714
p = [36.318, 37.454, 44.694, 53.252, 56.326, 54.622, 57.332, 58.308, 56.418, 56.072, 62.982, 59.32, 64.292, 60.296, 57.568, 56.81, 64.53, 61.642, 60.482, 60.476, 60.602, 63.312, 63.538, 61.504, 60.334, 58.992, 63.082, 58.66, 61.702, 60.328, 62.17, 60.51, 62.57, 61.742, 62.052, 57.492, 58.548, 56.548, 59.874, 56.308, 54.286, 56.618, 56.756, 57.866, 61.674, 57.982, 55.222, 56.894, 55.6, 59.204, 57.844, 60.668, 62.04, 58.172, 57.616, 57.544, 56.14, 53.274, 61.08, 60.87, 60.8, 60.448, 58.122, 61.19, 59.162, 57.236, 58.154, 57.78, 62.514, 61.138, 59.474, 59.932, 60.686, 61.112, 57.922, 59.09, 60.084, 55.91, 59.892, 58.582, 57.164, 57.94, 57.502, 55.124, 54.754, 61.608, 58.9, 56.288, 62.4, 60.792, 60.756, 62.344, 57.622, 58.3, 62.8, 59.674, 57.49, 60.066, 57.094]
# batch size:128,width:120,lr:0.0001
#-----------------------------------

#9a
# transitIdx:0,count:0
# transitIdx:1,count:0
# transitIdx:2,count:0
# transitIdx:3,count:4
# transitIdx:4,count:29
# transitIdx:5,count:317
# transitIdx:6,count:1136
p = [34.818, 39.298, 36.306, 38.944, 41.258, 38.392, 37.988, 39.428, 44.218, 45.222, 43.78, 42.682, 43.712, 44.658, 43.108, 43.5, 46.284, 48.812, 50.386, 51.16, 46.318, 50.554, 45.57, 48.016, 46.536, 46.854, 46.334, 47.844, 48.46, 47.93, 50.624, 49.286, 51.322, 51.22, 48.272, 48.22, 49.032, 47.252, 48.764, 48.424, 47.016, 47.15, 48.082, 48.24, 49.468, 48.596, 48.632, 51.194, 49.92, 53.072, 50.518, 52.084, 53.784, 49.798, 52.704, 50.704, 49.676, 48.486, 50.074, 54.414, 53.944, 50.788, 56.01, 50.164, 55.24, 54.024, 50.026, 54.704, 52.316, 53.472, 48.408, 51.652, 50.266, 46.43, 52.268, 48.902, 48.73, 47.372, 51.172, 47.316, 47.372, 51.2, 50.634, 51.05, 50.678, 47.358, 49.838, 49.722, 54.342, 48.774, 49.858, 51.358, 51.13, 45.792, 52.366, 51.848, 51.654, 51.256, 49.408]
# batch size:512,width:240,lr:0.0001
#-----------------------------------
# transitIdx:0,count:11
# transitIdx:1,count:15
# transitIdx:2,count:20
# transitIdx:3,count:35
# transitIdx:4,count:89
# transitIdx:5,count:414
# transitIdx:6,count:1232
p = [32.052, 36.594, 39.09, 36.582, 40.094, 40.288, 42.228, 45.852, 41.95, 44.056, 42.606, 43.36, 48.662, 47.33, 51.27, 49.672, 46.756, 52.942, 52.006, 52.296, 50.198, 50.8, 50.124, 51.98, 53.636, 56.742, 52.794, 53.454, 56.23, 54.782, 58.754, 56.738, 57.348, 55.24, 58.688, 57.898, 59.2, 59.434, 59.22, 56.824, 57.004, 60.892, 61.578, 57.142, 58.534, 61.44, 58.646, 62.706, 56.892, 59.382, 61.51, 61.374, 58.19, 60.56, 57.888, 59.858, 62.19, 60.092, 62.136, 61.734, 57.828, 58.168, 58.04, 63.178, 60.8, 61.292, 60.49, 60.838, 62.526, 59.148, 60.602, 58.384, 63.12, 57.816, 62.386, 56.768, 59.952, 62.932, 59.126, 62.96, 59.71, 63.71, 56.584, 65.218, 58.656, 62.592, 60.174, 60.716, 63.968, 60.618, 57.954, 62.188, 61.834, 56.196, 58.406, 62.234, 60.838, 60.158, 59.238]
# batch size:256,width:240,lr:0.0001
#-----------------------------------
# transitIdx:0,count:0
# transitIdx:1,count:0
# transitIdx:2,count:2
# transitIdx:3,count:12
# transitIdx:4,count:94
# transitIdx:5,count:663
# transitIdx:6,count:1569
p = [38.12, 44.182, 42.164, 44.302, 46.986, 50.294, 47.77, 49.482, 49.998, 52.45, 50.1, 48.042, 51.322, 47.55, 50.938, 52.652, 52.306, 53.218, 50.968, 52.386, 53.602, 52.328, 52.722, 55.178, 53.324, 56.576, 58.622, 57.82, 59.83, 53.926, 51.434, 59.204, 57.558, 54.632, 58.452, 57.936, 58.494, 55.642, 59.92, 60.378, 56.876, 56.852, 54.818, 56.244, 59.456, 61.526, 58.688, 59.034, 61.684, 63.776, 59.336, 59.25, 57.224, 52.352, 54.908, 55.234, 57.788, 57.062, 58.29, 57.41, 54.488, 58.45, 53.584, 58.65, 62.224, 55.912, 54.5, 57.444, 59.342, 57.594, 54.278, 56.34, 55.728, 57.856, 56.9, 54.546, 59.096, 57.794, 59.29, 55.408, 57.52, 60.58, 55.382, 56.154, 61.288, 56.47, 55.756, 60.158, 60.57, 55.962, 59.546, 58.674, 57.04, 60.93, 59.228, 61.72, 56.776, 57.862, 60.9]
# batch size:128,width:240,lr:0.0001
#-----------------------------------


